dane_ucz_miesz1_brek_D=4_N=4, 6.694898e-02 
dane_wer_miesz1_brek_D=4_N=4, 6.935098e-02 
dane_ucz_miesz1_rek_D=4_N=4, 3.067521e-01 
dane_wer_miesz1_rek_D=4_N=4, 7.307771e-01 
