dane_ucz_miesz0_brek_D=4_N=4, 6.703636e-02 
dane_wer_miesz0_brek_D=4_N=4, 6.814830e-02 
dane_ucz_miesz0_rek_D=4_N=4, 3.097285e-01 
dane_wer_miesz0_rek_D=4_N=4, 5.386745e-01 
