     Linear model Poly5:
     mod_statyczny(x) = p1*x^5 + p2*x^4 + p3*x^3 + p4*x^2 + p5*x + p6
     Coefficients (with 95% confidence bounds):
       p1 =       2.436  (0.1526, 4.719)
       p2 =      -1.807  (-3.138, -0.4749)
       p3 =      -6.287  (-8.538, -4.036)
       p4 =       -0.74  (-1.672, 0.1919)
       p5 =     -0.5102  (-1.018, -0.002326)
       p6 =     -0.1262  (-0.2291, -0.02335)